Process    ArrivalTime      BurstTime
P[10]          0              7
P[3]           0              10
P[93]          1              148
P[56]          3              78
P[9]           4              9
P[78]          4              92
P[16]          5              1
P[68]          5              70
P[90]          5              115
P[88]          5              145
P[5]           6              5
P[27]          6              7
P[36]          6              10
P[55]          6              61
P[79]          7              59
P[44]          7              63
P[8]           9              1
P[49]          10             85
P[62]          10             113
P[52]          10             129
P[21]          11             7
P[58]          11             84
P[83]          11             96
P[31]          12             10
P[91]          13             136
P[18]          14             3
P[87]          14             88
P[28]          15             6
P[94]          15             84
P[72]          16             60
P[70]          16             91
P[80]          16             131
P[33]          17             1
P[63]          17             50
P[47]          17             90
P[66]          17             143
P[53]          18             113
P[26]          19             2
P[59]          20             50
P[89]          20             67
P[20]          21             1
P[25]          21             9
P[73]          21             81
P[19]          22             6
P[48]          22             124
P[77]          24             50
P[98]          24             105
P[74]          24             108
P[23]          25             5
P[92]          25             66
P[34]          26             2
P[67]          26             85
P[81]          27             125
P[13]          28             1
P[75]          28             101
P[1]           31             5
P[22]          31             7
P[84]          31             133
P[40]          34             6
P[6]           34             10
P[15]          34             10
P[30]          34             10
P[14]          35             3
P[4]           36             1
P[38]          36             3
P[100]         36             68
P[64]          36             119
P[7]           38             2
P[50]          38             50
P[95]          38             122
P[82]          38             147
P[12]          39             10
P[51]          39             55
P[17]          40             10
P[65]          40             61
P[99]          40             116
P[45]          40             125
P[86]          40             127
P[32]          41             4
P[43]          41             63
P[57]          41             141
P[29]          42             9
P[41]          42             62
P[60]          42             134
P[96]          42             138
P[24]          43             5
P[54]          43             56
P[97]          43             86
P[61]          44             78
P[11]          45             7
P[39]          45             8
P[76]          45             103
P[2]           46             4
P[37]          46             4
P[71]          46             94
P[46]          46             113
P[69]          46             117
P[85]          47             79
P[35]          48             6
P[42]          48             72
